16
0 0 0 11 16 0 0 0 0 0 0 4 12 0 0 0
0 12 0 10 0 14 0 13 9 0 6 0 3 0 1 0
0 0 5 13 0 2 1 6 14 3 12 0 16 4 0 0
8 0 0 0 0 5 0 0 0 0 1 0 0 0 0 15
14 0 10 2 0 0 15 0 0 4 0 0 5 12 0 13
0 0 0 16 0 11 0 12 3 0 5 0 4 0 0 0
0 0 1 3 0 9 16 0 0 6 11 0 7 2 0 0
5 11 0 0 6 0 0 0 0 0 0 14 0 0 15 16
10 9 0 0 5 0 0 0 0 0 0 2 0 0 3 8
0 0 7 14 0 1 8 0 0 16 4 0 13 6 0 0
0 0 0 4 0 15 0 3 11 0 10 0 1 0 0 0
2 0 16 1 0 0 13 0 0 9 0 0 11 10 0 4
11 0 0 0 0 10 0 0 0 0 8 0 0 0 0 3
0 0 14 15 0 6 4 2 10 11 13 0 8 16 0 0
0 10 0 7 0 12 0 11 5 0 16 0 6 0 4 0
0 0 0 5 8 0 0 0 0 0 0 3 9 0 0 0